ID;StudyID;LogID;UserID;Time;TouchID;TouchX;TouchY;TouchDeltaX;TouchDeltaY;FirstTouchX;FirstTouchY;AccelerationX,AccelerationY;AccelerationZ;RotationDegreeX;RotationDegreeY;RotationDegreeZ;TimeStamp;Potition
 ;12;0;10;0.840332;0;103.2356;35.88712;0;0;103.2356;35.88712;0.005610071;0.020367;-0.9981048;89.67802;88.83102;178.7876;2019/08/07 11:33:54;C
 ;12;1;10;1.411621;1;101.6;76.00758;0;0;101.6;76.00758;0.007805316;0.02548923;-0.9329791;89.52084;88.4351;178.3634;2019/08/07 11:33:55;C
 ;12;2;10;1.445313;1;101.6;76.00758;0;0;101.6;76.00758;0.008293148;0.01987916;-1.004203;89.52692;88.86595;178.7711;2019/08/07 11:33:55;C
 ;12;3;10;1.98291;2;99.09849;35.98333;0;0;99.09849;35.98333;0.006951609;0.01792783;-1.02335;89.61086;88.99637;178.9233;2019/08/07 11:33:56;C
 ;12;4;10;3.629883;3;101.4076;114.0114;0;0;101.4076;114.0114;0.007683358;0.01987916;-0.9846894;89.55302;88.84348;178.7601;2019/08/07 11:33:57;C
 ;12;5;10;3.663574;3;101.4076;114.0114;0;0;101.4076;114.0114;0.01036644;0.0128056;-0.9670055;89.38586;89.24134;179.024;2019/08/07 11:33:57;C
 ;12;6;10;4.100098;4;97.07803;72.15909;0;0;97.07803;72.15909;0.004634406;0.02817231;-1.010788;89.7374;88.4035;178.382;2019/08/07 11:33:58;C
 ;12;7;10;4.133789;4;97.07803;72.15909;0;0;97.07803;72.15909;0.003048952;0.01987916;-0.9435895;89.8149;88.7931;178.7789;2019/08/07 11:33:58;C
 ;12;8;10;4.537109;5;142.5864;75.04546;0;0;142.5864;75.04546;0.006341819;0.02109874;-1.01896;89.64348;88.81381;178.7612;2019/08/07 11:33:58;C
 ;12;9;10;4.570801;5;142.5223;74.94924;-0.06404114;-0.09621429;142.5864;75.04546;0.006829652;0.01987916;-0.9846894;89.60268;88.84348;178.777;2019/08/07 11:33:58;C
 ;12;10;10;6.149902;6;56.44729;75.81515;0;0;56.44729;75.81515;0.009268813;0.02951385;-0.9663957;89.45074;88.2508;178.1665;2019/08/07 11:34:00;C
 ;12;11;10;6.183594;6;56.47651;75.67084;0.02922058;-0.14431;56.44729;75.81515;0.005732029;0.01426909;-0.9900556;89.66832;89.17429;179.1102;2019/08/07 11:34:00;C
 ;12;12;10;6.553223;7;101.2151;74.17954;0;0;101.2151;74.17954;0.006463777;0.01951329;-0.9844454;89.62387;88.86447;178.8038;2019/08/07 11:34:00;C
 ;12;13;10;6.586914;7;101.457;74.17954;0.2418365;0;101.2151;74.17954;0.008415106;0.02744056;-0.9717618;89.50404;88.38257;178.3082;2019/08/07 11:34:00;C
 ;12;14;10;6.922852;8;96.40454;34.05909;0;0;96.40454;34.05909;0.009634687;0.01548867;-0.9681031;89.42988;89.08344;178.9208;2019/08/07 11:34:00;C
 ;12;15;10;6.956543;8;96.24035;33.86667;-0.1641922;-0.192421;96.40454;34.05909;0.001463497;0.007439442;-0.9384673;89.91064;89.54581;179.5373;2019/08/07 11:34:00;C
 ;12;16;10;8.502441;9;101.6;110.5477;0;0;101.6;110.5477;0.0075614;0.02365986;-0.991519;89.56319;88.63309;178.5649;2019/08/07 11:34:02;C
 ;12;17;10;8.871582;10;100.253;72.44772;0;0;100.253;72.44772;0.004146574;0.02378182;-0.9440773;89.74842;88.55701;178.5353;2019/08/07 11:34:02;C
 ;12;18;10;8.905273;10;100.1519;72.34657;-0.1011581;-0.1011581;100.253;72.44772;0.005122238;0.01780588;-1.023472;89.71329;89.0033;178.9628;2019/08/07 11:34:02;C
 ;12;19;10;9.476563;11;99.48334;115.3583;0;0;99.48334;115.3583;0.007927273;0.02012308;-0.9681031;89.53094;88.80925;178.7202;2019/08/07 11:34:03;C
 ;12;20;10;11.02295;12;100.7341;115.9356;0;0;100.7341;115.9356;0.001463497;0.01951329;-0.9793232;89.91439;88.85851;178.8552;2019/08/07 11:34:05;C
 ;12;21;10;11.39258;13;97.07803;76.00758;0;0;97.07803;76.00758;0.008537063;0.02158658;-0.9080997;89.46152;88.63832;178.5357;2019/08/07 11:34:05;C
 ;12;22;10;11.42627;13;97.07803;76.00758;0;0;97.07803;76.00758;0.006097903;0.02012308;-1.016033;89.6562;88.86539;178.8143;2019/08/07 11:34:05;C
 ;12;23;10;11.7959;14;101.2151;115.4545;0;0;101.2151;115.4545;0.004512448;0.03305063;-1.119087;89.76907;88.30835;178.2928;2019/08/07 11:34:05;C
 ;12;24;10;11.82959;14;101.0227;115.3583;-0.192421;-0.09621429;101.2151;115.4545;0.004146574;0.01414714;-0.9929825;89.76077;89.18375;179.1493;2019/08/07 11:34:05;C
 ;12;25;10;13.54346;15;136.525;74.46819;0;0;136.525;74.46819;0.0002439161;0.01683021;-0.977006;89.98569;89.0131;179.013;2019/08/07 11:34:07;C
 ;12;26;10;13.91309;16;95.63485;79.47121;0;0;95.63485;79.47121;0.007927273;0.02207441;-0.9711521;89.53244;88.69792;178.6165;2019/08/07 11:34:07;C
 ;12;27;10;13.94629;16;95.53864;79.22518;-0.09621429;-0.2460327;95.63485;79.47121;0.005488113;0.01914741;-1.002739;89.68647;88.90607;178.8622;2019/08/07 11:34:07;C
 ;12;28;10;14.31641;17;100.9265;115.0697;0;0;100.9265;115.0697;0.01536672;0.03170909;-0.9748108;89.09734;88.13714;177.9298;2019/08/07 11:34:08;C
 ;12;29;10;14.34961;17;100.9265;114.9694;0;-0.1003342;100.9265;115.0697;0.006585735;0.01097623;-0.9527363;89.60397;89.33995;179.2302;2019/08/07 11:34:08;C
 ;12;30;10;15.96289;18;98.04015;38.29242;0;0;98.04015;38.29242;0.01487888;0.03963637;-1.241045;89.31346;88.17084;178.0462;2019/08/07 11:34:09;C
 ;12;31;10;15.99658;18;98.04015;38.19621;0;-0.09621048;98.04015;38.29242;0.007195525;0.02097679;-1.035912;89.6021;88.83997;178.7736;2019/08/07 11:34:10;C
 ;12;32;10;16.3999;19;101.7924;72.44772;0;0;101.7924;72.44772;0.003048952;0.02341595;-0.9589562;89.81789;88.60122;178.5894;2019/08/07 11:34:10;C
 ;12;33;10;16.43359;19;101.7924;72.44772;0;0;101.7924;72.44772;0.01048839;0.01975721;-0.9996902;89.39901;88.86785;178.7182;2019/08/07 11:34:10;C
 ;12;34;10;16.76953;20;60.39341;77.23053;0;0;60.39341;77.23053;0.005366154;0.02195245;-0.9482239;89.67583;88.67379;178.6348;2019/08/07 11:34:10;C
 ;12;35;10;16.80322;20;60.325;77.16212;-0.06841278;-0.06841278;60.39341;77.23053;0.008293148;0.01573259;-0.9778597;89.51414;89.07829;178.9581;2019/08/07 11:34:10;C
 ;12;36;10;18.55127;21;139.6038;75.23788;0;0;139.6038;75.23788;0.005610071;0.01939133;-0.9977389;89.6779;88.8866;178.8409;2019/08/07 11:34:12;C
 ;12;37;10;18.58447;21;139.6038;74.88406;0;-0.3538208;139.6038;75.23788;0.005122238;0.01524476;-0.994812;89.70502;89.12206;179.0738;2019/08/07 11:34:12;C
 ;12;38;10;18.61816;21;139.4414;74.85303;-0.1624298;-0.03102875;139.6038;75.23788;0.008659022;0.0325628;-0.9912751;89.49979;88.11861;178.0533;2019/08/07 11:34:12;C
 ;12;39;10;18.9209;22;96.8856;76.39243;0;0;96.8856;76.39243;0.0075614;0.03085539;-1.045181;89.58567;88.30907;178.2591;2019/08/07 11:34:12;C
 ;12;40;10;18.95459;22;96.68213;76.29621;-0.203476;-0.09621429;96.8856;76.39243;0.004268532;0.01085427;-0.991641;89.75338;89.37288;179.3262;2019/08/07 11:34:12;C
 ;12;41;10;18.98779;22;96.69318;76.29621;0.01105499;0;96.8856;76.39243;0.00939077;0.03207497;-0.997373;89.46082;88.15811;178.0808;2019/08/07 11:34:13;C
 ;12;42;10;19.25684;23;62.05682;74.56439;0;0;62.05682;74.56439;0.0006097903;0.01683021;-0.9396868;89.96282;88.97392;178.9734;2019/08/07 11:34:13;C
 ;12;43;10;19.29053;23;61.72007;74.46819;-0.3367424;-0.09620667;62.05682;74.56439;0.007805316;0.02012308;-0.988714;89.54778;88.83406;178.7494;2019/08/07 11:34:13;C
 ;12;44;10;19.32422;23;61.76818;74.46819;0.04810715;0;62.05682;74.56439;0.01158602;0.03988028;-0.9545658;89.30521;87.60783;177.5089;2019/08/07 11:34:13;C
 ;12;45;10;20.87061;24;96.59697;36.27197;0;0;96.59697;36.27197;-0.003414826;0.01707413;-0.9439554;90.20723;88.96375;178.9433;2019/08/07 11:34:14;C
 ;12;46;10;20.9043;24;96.59697;36.07954;0;-0.1924248;96.59697;36.27197;0.003292868;0.009146854;-0.9256617;89.79619;89.43385;179.398;2019/08/07 11:34:14;C
 ;12;47;10;20.93799;24;96.83224;36.19718;0.2352753;0.1176338;96.59697;36.27197;0.01182993;0.02561119;-0.9901775;89.31573;88.51846;178.3679;2019/08/07 11:34:15;C
 ;12;48;10;21.30762;25;102.1773;75.52651;0;0;102.1773;75.52651;0.006829652;0.01939133;-0.9942021;89.60648;88.88264;178.8153;2019/08/07 11:34:15;C
 ;12;49;10;21.77783;26;99.23859;36.12343;0;0;99.23859;36.12343;0.002439161;0.04573427;-1.145064;89.87804;87.7128;177.7096;2019/08/07 11:34:15;C
 ;12;50;10;21.81152;26;98.95416;35.83902;-0.2844238;-0.2844162;99.23859;36.12343;0.00500028;0.01780588;-1.040912;89.7248;89.02;178.9822;2019/08/07 11:34:15;C
 ;12;51;10;23.42529;27;103.1394;114.9735;0;0;103.1394;114.9735;0.003414826;0.01768392;-0.9645663;89.79719;88.94968;178.9303;2019/08/07 11:34:17;C
 ;12;52;10;23.82813;28;96.21212;75.81515;0;0;96.21212;75.81515;0.008415106;0.02585511;-1.022618;89.52867;88.55173;178.4768;2019/08/07 11:34:17;C
 ;12;53;10;24.26514;29;139.4114;75.81515;0;0;139.4114;75.81515;0.00439049;0.02195245;-1.029814;89.75578;88.77882;178.7546;2019/08/07 11:34:18;C
 ;12;54;10;24.29834;29;139.267;75.67084;-0.1443176;-0.14431;139.4114;75.81515;0.00878098;0.02414769;-0.9693226;89.48113;88.573;178.4815;2019/08/07 11:34:18;C
 ;12;55;10;24.33203;29;139.267;75.67084;0;0;139.4114;75.81515;0.005853987;0.01987916;-0.9928606;89.66225;88.85298;178.8043;2019/08/07 11:34:18;C
 ;12;56;10;26.01221;30;62.05682;76.29621;0;0;62.05682;76.29621;0.007805316;0.01817175;-0.9927386;89.54959;88.95136;178.8586;2019/08/07 11:34:20;C
 ;12;57;10;26.0459;30;61.95816;76.29621;-0.09865189;0;62.05682;76.29621;0.006707693;0.02439161;-0.9790793;89.60759;88.57292;178.52;2019/08/07 11:34:20;C
 ;12;58;10;26.44922;31;98.47445;72.68961;0;0;98.47445;72.68961;0.004634406;0.01744;-1.012496;89.73778;89.0132;178.9789;2019/08/07 11:34:20;C
 ;12;59;10;26.48291;31;98.52122;72.73636;0.04676819;0.04675293;98.47445;72.68961;0.007683358;0.02244028;-0.9968851;89.55852;88.7105;178.637;2019/08/07 11:34:20;C
 ;12;60;10;26.88574;32;100.1568;114.3;0;0;100.1568;114.3;0.008902938;0.02109874;-0.9806647;89.47997;88.76753;178.6623;2019/08/07 11:34:20;C
 ;12;61;10;26.91943;32;99.86818;114.1076;-0.2886353;-0.1924286;100.1568;114.3;0.01219581;0.01951329;-1.01713;89.31316;88.90101;178.7038;2019/08/07 11:34:20;C
 ;12;62;10;28.59961;33;99.29091;35.45417;0;0;99.29091;35.45417;0.01109818;0.02975777;-1.050547;89.39498;88.37756;178.2682;2019/08/07 11:34:22;C
 ;12;63;10;28.6333;33;99.39258;35.60395;0.1016693;0.1497803;99.29091;35.45417;0.006707693;0.01719609;-0.9692007;89.60352;88.98356;178.9089;2019/08/07 11:34:22;C
 ;12;64;10;29.00293;34;101.2151;76.77727;0;0;101.2151;76.77727;0.00939077;0.01622042;-0.9995682;89.4618;89.07035;178.9257;2019/08/07 11:34:23;C
 ;12;65;10;29.03613;34;101.1185;76.77727;-0.0966568;0;101.2151;76.77727;0.01061035;0.01585455;-0.9938362;89.3884;89.08609;178.9005;2019/08/07 11:34:23;C
 ;12;66;10;29.40576;35;58.01591;76.58485;0;0;58.01591;76.58485;0.006219861;0.01634238;-0.985665;89.6385;89.05014;178.9837;2019/08/07 11:34:23;C
 ;12;67;10;29.43945;35;58.01591;76.44053;0;-0.1443176;58.01591;76.58485;0.01231776;0.01914741;-0.997495;89.29263;88.90039;178.6925;2019/08/07 11:34:23;C
 ;12;68;10;31.08643;36;139.7;75.04546;0;0;139.7;75.04546;0.006829652;0.03573371;-1.003593;89.61034;87.96085;177.9239;2019/08/07 11:34:25;C
 ;12;69;10;31.12012;36;139.7;74.7439;0;-0.3015518;139.7;75.04546;0.009024897;0.01207385;-0.9892018;89.47732;89.30073;179.1269;2019/08/07 11:34:25;C
 ;12;70;10;31.48975;37;100.0606;75.91136;0;0;100.0606;75.91136;0.0001219581;0.02597707;-0.9299302;89.99249;88.39989;178.3999;2019/08/07 11:34:25;C
 ;12;71;10;31.52344;37;99.90646;75.81515;-0.1541519;-0.09621429;100.0606;75.91136;0.006341819;0.01500084;-0.9709082;89.6258;89.11485;179.0392;2019/08/07 11:34:25;C
 ;12;72;10;31.55713;37;99.86818;75.81515;-0.03827667;0;100.0606;75.91136;0.006707693;0.0264649;-0.9890798;89.61157;88.46733;178.419;2019/08/07 11:34:25;C
 ;12;73;10;31.92676;38;98.32878;116.2242;0;0;98.32878;116.2242;0.001341539;0.0212207;-1.082134;89.92898;88.87657;178.8745;2019/08/07 11:34:25;C
 ;12;74;10;31.96045;38;98.17913;116.0746;-0.1496506;-0.1496506;98.32878;116.2242;0.002439161;0.01426909;-1.025423;89.86372;89.20276;179.1913;2019/08/07 11:34:26;C
 ;12;75;10;33.53906;39;61.86439;73.50607;0;0;61.86439;73.50607;0.005488113;0.01792783;-0.9705422;89.67606;88.94177;178.8932;2019/08/07 11:34:27;C
 ;12;76;10;33.90869;40;98.61742;74.56439;0;0;98.61742;74.56439;0.009024897;0.02658686;-0.991641;89.47875;88.46427;178.3781;2019/08/07 11:34:27;C
 ;12;77;10;33.94238;40;98.61742;74.56439;0;0;98.61742;74.56439;0.003048952;0.01414714;-0.9928606;89.82407;89.18365;179.1649;2019/08/07 11:34:27;C
 ;12;78;10;34.3457;41;98.71364;117.0901;0;0;98.71364;117.0901;0.007195525;0.02292811;-1.051644;89.60807;88.75105;178.6909;2019/08/07 11:34:28;C
 ;12;79;10;34.37988;41;98.37937;116.7559;-0.3342667;-0.334259;98.71364;117.0901;0.006707693;0.01243972;-1.009935;89.61948;89.29432;179.1979;2019/08/07 11:34:28;C
 ;12;80;10;36.02637;42;102.1773;33.57803;0;0;102.1773;33.57803;0.01353735;0.03463609;-1.123722;89.31012;88.23467;178.1044;2019/08/07 11:34:30;C
 ;12;81;10;36.06006;42;102.033;33.57803;-0.1443253;0;102.1773;33.57803;0.009512729;0.01939133;-0.9855431;89.44709;88.87286;178.7446;2019/08/07 11:34:30;C
 ;12;82;10;36.49707;43;101.6;78.12424;0;0;101.6;78.12424;0.007927273;0.02609903;-0.9411504;89.51759;88.41159;178.3399;2019/08/07 11:34:30;C
 ;12;83;10;36.53076;43;101.6;77.97992;0;-0.1443176;101.6;78.12424;0.007439442;0.01634238;-0.9970071;89.57253;89.06094;178.9683;2019/08/07 11:34:30;C
 ;12;84;10;36.90039;44;97.84772;35.88712;0;0;97.84772;35.88712;0.006585735;0.01975721;-0.8890743;89.57569;88.727;178.6581;2019/08/07 11:34:30;C
 ;12;85;10;36.93408;44;97.6553;35.79091;-0.192421;-0.09621048;97.84772;35.88712;0.007073568;0.02134266;-0.9934704;89.59215;88.76933;178.7035;2019/08/07 11:34:30;C
 ;12;86;10;38.61523;45;136.9099;75.04546;0;0;136.9099;75.04546;0.007927273;0.01951329;-0.99469;89.54346;88.87618;178.7869;2019/08/07 11:34:32;C
 ;12;87;10;38.64893;45;136.9099;75.04546;0;0;136.9099;75.04546;0.007073568;0.02244028;-0.9901775;89.5908;88.70176;178.6387;2019/08/07 11:34:32;C
 ;12;88;10;39.01855;46;100.7341;76.2;0;0;100.7341;76.2;0.005732029;0.02183049;-0.9950558;89.67002;88.74321;178.7006;2019/08/07 11:34:33;C
 ;12;89;10;39.05225;46;100.6321;76.2;-0.1019516;0;100.7341;76.2;0.008659022;0.01902546;-1.012862;89.51027;88.92392;178.8178;2019/08/07 11:34:33;C
 ;12;90;10;39.45557;47;60.27689;76.48864;0;0;60.27689;76.48864;0.004634406;0.02256224;-1.013593;89.73809;88.72484;178.6982;2019/08/07 11:34:33;C
 ;12;91;10;39.48926;47;60.13258;76.39243;-0.1443138;-0.09621429;60.27689;76.48864;0.00500028;0.02061091;-1.000178;89.71362;88.81947;178.7853;2019/08/07 11:34:33;C
 ;12;92;10;41.20361;48;100.0606;113.1455;0;0;100.0606;113.1455;0.007927273;0.02439161;-0.9488337;89.52148;88.52747;178.4516;2019/08/07 11:34:35;C
 ;12;93;10;41.57373;49;98.425;73.025;0;0;98.425;73.025;0.01439105;0.02597707;-1.01774;89.19014;88.53802;178.3286;2019/08/07 11:34:35;C
 ;12;94;10;41.60742;49;98.32566;72.92566;-0.09933472;-0.09934235;98.425;73.025;0.006585735;0.02000112;-1.040424;89.63739;88.8987;178.8404;2019/08/07 11:34:35;C
 ;12;95;10;42.01074;50;138.2568;73.025;0;0;138.2568;73.025;-0.003048952;0.02231832;-1.086646;90.16073;88.82338;178.8125;2019/08/07 11:34:36;C
 ;12;96;10;42.04443;50;138.2568;72.92528;0;-0.09972382;138.2568;73.025;0.005610071;0.01585455;-0.9610295;89.66558;89.05486;178.9973;2019/08/07 11:34:36;C
 ;12;97;10;42.07813;50;138.4577;73.28677;0.2009125;0.3614883;138.2568;73.025;0.007317483;0.02731861;-1.003593;89.5824;88.44078;178.3859;2019/08/07 11:34:36;C
 ;12;98;10;43.6582;51;100.1568;37.42651;0;0;100.1568;37.42651;0.003658742;0.01524476;-0.8587067;89.75591;88.98293;178.9539;2019/08/07 11:34:37;C
 ;12;99;10;43.69141;51;100.1568;37.2822;0;-0.1443176;100.1568;37.42651;0.0128056;0.02183049;-1.003471;89.26904;88.75382;178.5552;2019/08/07 11:34:37;C
 ;12;100;10;44.09473;52;100.7341;77.06591;0;0;100.7341;77.06591;0.01292755;0.02731861;-0.9966413;89.25713;88.43;178.2631;2019/08/07 11:34:38;C
 ;12;101;10;44.12842;52;100.7341;76.9697;0;-0.09621429;100.7341;77.06591;0.007805316;0.01500084;-0.9787135;89.54312;89.12192;179.0103;2019/08/07 11:34:38;C
 ;12;102;10;44.46436;53;58.88182;75.33409;0;0;58.88182;75.33409;0.01085427;0.02768448;-1.056523;89.41158;88.49908;178.3877;2019/08/07 11:34:38;C
 ;12;103;10;44.49805;53;58.78561;75.33409;-0.09621048;0;58.88182;75.33409;0.01048839;0.02317203;-0.97725;89.38526;88.64176;178.5092;2019/08/07 11:34:38;C
 ;12;104;10;46.07715;54;61.76818;76.10378;0;0;61.76818;76.10378;0.001829371;0.01597651;-0.9435895;89.88893;89.02998;179.0236;2019/08/07 11:34:40;C
 ;12;105;10;46.11084;54;61.76818;76.00758;0;-0.09620667;61.76818;76.10378;0.005975945;0.01585455;-0.9912751;89.65463;89.08369;179.0208;2019/08/07 11:34:40;C
 ;12;106;10;46.48047;55;96.76144;73.47811;0;0;96.76144;73.47811;0.006707693;0.01902546;-0.9937143;89.61332;88.90318;178.837;2019/08/07 11:34:40;C
 ;12;107;10;46.8501;56;95.44242;114.2038;0;0;95.44242;114.2038;0.00500028;0.02744056;-0.9776158;89.70705;88.39221;178.3658;2019/08/07 11:34:40;C
 ;12;108;10;48.46387;57;61.57576;76.68106;0;0;61.57576;76.68106;0.006341819;0.01731804;-0.9998122;89.63663;89.00768;178.9433;2019/08/07 11:34:42;C
 ;12;109;10;48.8335;58;95.82727;76.58485;0;0;95.82727;76.58485;0.001951329;0.02231832;-0.9874944;89.88681;88.70528;178.7003;2019/08/07 11:34:42;C
 ;12;110;10;49.27051;59;138.5455;72.64015;0;0;138.5455;72.64015;0.005853987;0.02975777;-0.9737132;89.65569;88.24955;178.216;2019/08/07 11:34:43;C
 ;12;111;10;49.3042;59;138.4492;72.4241;-0.09622192;-0.2160492;138.5455;72.64015;0.009024897;0.01402518;-0.9988365;89.48237;89.19556;179.0434;2019/08/07 11:34:43;C
 ;12;112;10;51.08496;60;99.38712;114.3;0;0;99.38712;114.3;0.006219861;0.01804979;-0.9715179;89.63325;88.93565;178.8741;2019/08/07 11:34:45;C
 ;12;113;10;51.45459;61;100.9265;73.60227;0;0;100.9265;73.60227;-0.00439049;0.01914741;-1.027131;90.24486;88.93204;178.9042;2019/08/07 11:34:45;C
 ;12;114;10;51.48828;61;100.7341;73.50607;-0.1924286;-0.09620667;100.9265;73.60227;0.00439049;0.0151228;-0.991519;89.74632;89.12618;179.09;2019/08/07 11:34:45;C
 ;12;115;10;51.82471;62;96.59697;33.00076;0;0;96.59697;33.00076;0.0250014;0.01573259;-1.073841;88.6664;89.16085;178.4242;2019/08/07 11:34:45;C
 ;12;116;10;51.8584;62;96.59697;32.7671;0;-0.2336578;96.59697;33.00076;0.009512729;0.01439105;-1.053718;89.4828;89.21757;179.0623;2019/08/07 11:34:45;C
 ;12;117;10;53.43799;63;60.03636;75.71893;0;0;60.03636;75.71893;0.00817119;0.01951329;-1.048595;89.5536;88.93394;178.8443;2019/08/07 11:34:47;C
 ;12;118;10;53.47168;63;60.03636;75.62273;0;-0.09620667;60.03636;75.71893;0.004756365;0.02609903;-0.9868846;89.72395;88.48513;178.4602;2019/08/07 11:34:47;C
 ;12;119;10;53.84131;64;101.4076;73.89091;0;0;101.4076;73.89091;0.009878603;0.03122126;-1.070426;89.47147;88.32939;178.2476;2019/08/07 11:34:47;C
 ;12;120;10;53.875;64;101.4076;73.89091;0;0;101.4076;73.89091;0.009268813;0.01548867;-0.9767621;89.45638;89.09156;178.9413;2019/08/07 11:34:47;C
 ;12;121;10;54.37842;65;60.03636;75.23788;0;0;60.03636;75.23788;0.001707413;0.01670825;-0.918954;89.89355;88.95837;178.9528;2019/08/07 11:34:48;C
 ;12;122;10;56.09277;66;139.7;73.31364;0;0;139.7;73.31364;0.007073568;0.02731861;-0.99469;89.5927;88.42683;178.375;2019/08/07 11:34:50;C
 ;12;123;10;56.12646;66;139.5076;73.025;-0.1924286;-0.2886353;139.7;73.31364;0.006585735;0.01304951;-0.9937143;89.62032;89.24764;179.1572;2019/08/07 11:34:50;C
 ;12;124;10;56.4624;67;95.82727;75.81515;0;0;95.82727;75.81515;0.01561063;0.03292868;-0.9383453;89.04748;87.99046;177.776;2019/08/07 11:34:50;C
 ;12;125;10;56.49609;67;95.68295;75.67084;-0.1443176;-0.14431;95.82727;75.81515;0.005488113;0.02231832;-1.027375;89.69401;88.75554;178.7185;2019/08/07 11:34:50;C
 ;12;126;10;56.52979;67;95.68295;75.67084;0;0;95.82727;75.81515;0.009634687;0.02634294;-0.9733473;89.43307;88.44978;178.3493;2019/08/07 11:34:50;C
 ;12;127;10;56.89941;68;99.77197;117.475;0;0;99.77197;117.475;-0.003536784;0.02731861;-1.106038;90.18316;88.58511;178.5733;2019/08/07 11:34:50;C
 ;12;128;10;56.93311;68;99.67576;117.2358;-0.09620667;-0.2392197;99.77197;117.475;0.009268813;0.01695217;-1.003837;89.47105;89.03255;178.8975;2019/08/07 11:34:50;C
 ;12;129;10;58.5127;69;138.5455;76.00758;0;0;138.5455;76.00758;0.007683358;0.02963581;-0.9949338;89.55774;88.2939;178.2375;2019/08/07 11:34:52;C
 ;12;130;10;58.54639;69;138.5455;76.00758;0;0;138.5455;76.00758;0.005610071;0.01719609;-0.994324;89.67678;89.00922;178.9579;2019/08/07 11:34:52;C
 ;12;131;10;58.58008;69;138.5455;76.00758;0;0;138.5455;76.00758;0.007073568;0.02341595;-0.9954216;89.59296;88.65247;178.5922;2019/08/07 11:34:52;C
 ;12;132;10;58.91602;70;97.46288;75.71893;0;0;97.46288;75.71893;0.007317483;0.02597707;-1.058596;89.60406;88.59431;178.5397;2019/08/07 11:34:52;C
 ;12;133;10;58.94971;70;97.31857;75.71893;-0.14431;0;97.46288;75.71893;0.006219861;0.01744;-0.9884701;89.63953;88.98923;178.927;2019/08/07 11:34:52;C
 ;12;134;10;58.9834;70;97.55909;75.71893;0.2405243;0;97.46288;75.71893;0.007195525;0.02853819;-0.9777377;89.57852;88.32816;178.2758;2019/08/07 11:34:53;C
 ;12;135;10;59.38672;71;97.46288;34.82879;0;0;97.46288;34.82879;0.003414826;0.0007317484;-0.8554139;89.77127;89.95098;179.7659;2019/08/07 11:34:53;C
 ;12;136;10;59.42041;71;97.14417;34.51007;-0.3187103;-0.318718;97.46288;34.82879;0.004756365;0.009756644;-0.9198077;89.70374;89.39227;179.3236;2019/08/07 11:34:53;C
 ;12;137;10;59.45361;71;97.07803;34.44394;-0.06613159;-0.06613159;97.46288;34.82879;0.005732029;0.02768448;-0.9577366;89.65723;88.34428;178.3091;2019/08/07 11:34:53;C
 ;12;138;10;61.06738;72;101.8886;114.2038;0;0;101.8886;114.2038;0.006341819;0.01987916;-0.9617612;89.62228;88.81591;178.7571;2019/08/07 11:34:55;C
 ;12;139;10;61.5376;73;100.7341;76.10378;0;0;100.7341;76.10378;0.00500028;0.02061091;-0.9794452;89.70756;88.79449;178.7595;2019/08/07 11:34:55;C
 ;12;140;10;61.57129;73;100.6379;76.10378;-0.09620667;0;100.7341;76.10378;0.007195525;0.02378182;-0.9860309;89.58201;88.6184;178.5565;2019/08/07 11:34:55;C
 ;12;141;10;61.94092;74;100.4455;33.28939;0;0;100.4455;33.28939;0.008902938;0.03073343;-1.117136;89.54356;88.42419;178.3594;2019/08/07 11:34:55;C
 ;12;142;10;61.97461;74;100.2766;33.09697;-0.1688843;-0.192421;100.4455;33.28939;0.002805035;0.02158658;-0.9726155;89.83479;88.72856;178.7179;2019/08/07 11:34:56;C
 ;12;143;10;63.68994;75;57.24622;76.77727;0;0;57.24622;76.77727;0.01036644;0.02622098;-1.013471;89.41415;88.51802;178.4065;2019/08/07 11:34:57;C
 ;12;144;10;63.72363;75;57.15;76.68106;-0.09621811;-0.09620667;57.24622;76.77727;0.005975945;0.020367;-0.9911532;89.65462;88.82282;178.7731;2019/08/07 11:34:57;C
 ;12;145;10;63.75732;75;57.15;76.68106;0;0;57.24622;76.77727;0.009878603;0.02670881;-0.99469;89.43119;88.46197;178.3602;2019/08/07 11:34:57;C
 ;12;146;10;64.12695;76;99.57954;74.56439;0;0;99.57954;74.56439;0.009146854;0.02365986;-0.9615173;89.45512;88.59048;178.4887;2019/08/07 11:34:58;C
 ;12;147;10;64.16064;76;99.33901;74.32386;-0.2405319;-0.2405319;99.57954;74.56439;0.00878098;0.01865958;-1.002373;89.49817;88.93357;178.8215;2019/08/07 11:34:58;C
 ;12;148;10;64.56396;77;140.7583;75.33409;0;0;140.7583;75.33409;0.01500084;0.03073343;-0.9665176;89.11125;88.17893;177.9736;2019/08/07 11:34:58;C
 ;12;149;10;64.59766;77;140.6621;75.03474;-0.09620667;-0.2993469;140.7583;75.33409;0.00817119;0.02805035;-1.01152;89.53734;88.41159;178.3458;2019/08/07 11:34:58;C
 ;12;150;10;64.63086;77;141.0754;75.05492;0.4132385;0.02017212;140.7583;75.33409;0.0075614;0.01926937;-0.9909093;89.56287;88.88599;178.8033;2019/08/07 11:34:58;C
 ;12;151;10;66.17822;78;56.95758;78.02803;0;0;56.95758;78.02803;0.01500084;0.02195245;-0.9433456;89.08921;88.66708;178.3855;2019/08/07 11:35:00;C
 ;12;152;10;66.21191;78;56.95758;77.84873;0;-0.1792984;56.95758;78.02803;0.0037807;0.01878154;-0.9982267;89.78303;88.92212;178.9005;2019/08/07 11:35:00;C
 ;12;153;10;66.64893;79;93.22955;73.98712;0;0;93.22955;73.98712;0.00500028;0.01756196;-0.9700544;89.7047;88.96283;178.9217;2019/08/07 11:35:00;C
 ;12;154;10;67.05225;80;137.5833;73.50607;0;0;137.5833;73.50607;0.005853987;0.02292811;-0.9746888;89.65598;88.65247;178.6091;2019/08/07 11:35:01;C
 ;12;155;10;67.08545;80;137.5833;73.40984;0;-0.09622192;137.5833;73.50607;0.004512448;0.01451301;-1.008837;89.74374;89.17581;179.137;2019/08/07 11:35:01;C
 ;12;156;10;68.59814;81;60.99849;75.91136;0;0;60.99849;75.91136;0.003902658;0.02402574;-1.00091;89.77666;88.62495;178.607;2019/08/07 11:35:02;C
 ;12;157;10;69.03516;82;104.0053;77.35455;0;0;104.0053;77.35455;0.005244196;0.02183049;-1.007861;89.70194;88.75916;178.724;2019/08/07 11:35:03;C
 ;12;158;10;69.40527;83;61.0947;76.77727;0;0;61.0947;76.77727;0.0004878322;0.02414769;-1.117136;89.97498;88.7617;178.7614;2019/08/07 11:35:03;C
 ;12;159;10;69.43848;83;61.0947;76.68106;0;-0.09620667;61.0947;76.77727;0.006463777;0.02012308;-0.9610295;89.61472;88.80048;178.7401;2019/08/07 11:35:03;C
 ;12;160;10;70.98486;84;58.49697;75.91136;0;0;58.49697;75.91136;0.005244196;0.02061091;-0.9935923;89.69765;88.81165;178.7736;2019/08/07 11:35:05;C
 ;12;161;10;71.01855;84;58.49697;75.75967;0;-0.1516876;58.49697;75.91136;0.01097623;0.02280616;-1.002739;89.37301;88.69717;178.5541;2019/08/07 11:35:05;C
 ;12;162;10;71.42188;85;102.2735;75.62273;0;0;102.2735;75.62273;0.004024616;0.02512336;-0.9995682;89.76938;88.56023;178.5418;2019/08/07 11:35:05;C
 ;12;163;10;71.75781;86;100.7341;37.04167;0;0;100.7341;37.04167;0.01195189;0.04097791;-1.083841;89.36865;87.83492;177.7447;2019/08/07 11:35:05;C
 ;12;164;10;71.7915;86;100.5919;36.89952;-0.1421432;-0.1421471;100.7341;37.04167;0.001829371;0.01829371;-0.9699324;89.89195;88.91948;178.9141;2019/08/07 11:35:05;C
 ;12;165;10;71.82471;86;100.6379;36.84924;0.04593658;-0.05027771;100.7341;37.04167;0.002317203;0.02402574;-1.004447;89.86785;88.62978;178.6236;2019/08/07 11:35:05;C
 ;12;166;10;73.27002;87;60.325;71.38939;0;0;60.325;71.38939;0.0008537064;0.01731804;-0.9339548;89.94763;88.9377;178.9365;2019/08/07 11:35:07;C
 ;12;167;10;73.30371;87;60.325;71.38939;0;0;60.325;71.38939;0.004756365;0.01865958;-0.9901775;89.72482;88.92041;178.8858;2019/08/07 11:35:07;C
 ;12;168;10;73.74072;88;101.9848;75.33409;0;0;101.9848;75.33409;0.01146406;0.02548923;-0.9689568;89.32237;88.49323;178.3478;2019/08/07 11:35:07;C
 ;12;169;10;73.77441;88;101.9848;75.27966;0;-0.05443573;101.9848;75.33409;0.009634687;0.01792783;-0.9870065;89.44081;88.95944;178.8186;2019/08/07 11:35:07;C
 ;12;170;10;74.11035;89;102.3697;38.19621;0;0;102.3697;38.19621;0.01097623;0.01292755;-0.8835861;89.28836;89.16183;178.9005;2019/08/07 11:35:08;C
 ;12;171;10;74.14404;89;102.1773;38.1;-0.192421;-0.09621429;102.3697;38.19621;0.002926993;0.01975721;-1.041766;89.83904;88.91351;178.9016;2019/08/07 11:35:08;C
 ;12;172;10;75.62305;90;58.78561;76.10378;0;0;58.78561;76.10378;0.008293148;0.02146462;-1.010422;89.52985;88.78307;178.6952;2019/08/07 11:35:09;C
 ;12;173;10;76.02637;91;105.4485;76.68106;0;0;105.4485;76.68106;0.007195525;0.02609903;-0.8899279;89.53694;88.32021;178.2575;2019/08/07 11:35:10;C
 ;12;174;10;76.06006;91;105.4485;76.68106;0;0;105.4485;76.68106;0.005488113;0.01792783;-1.009691;89.68861;88.98279;178.9363;2019/08/07 11:35:10;C
 ;12;175;10;76.42969;92;60.42122;75.81515;0;0;60.42122;75.81515;0.009268813;0.02597707;-0.8684633;89.38879;88.2868;178.181;2019/08/07 11:35:10;C
 ;12;176;10;76.46338;92;60.062;75.64837;-0.3592148;-0.1667786;60.42122;75.81515;0.005122238;0.01780588;-0.9900556;89.70361;88.96967;178.9279;2019/08/07 11:35:10;C
 ;12;177;10;78.17725;93;138.2568;75.23788;0;0;138.2568;75.23788;0.006463777;0.02109874;-0.9867626;89.62477;88.77512;178.719;2019/08/07 11:35:12;C
 ;12;178;10;78.61377;94;97.92233;76.87349;0;0;97.92233;76.87349;0.007927273;0.01987916;-1.026033;89.55741;88.89007;178.8051;2019/08/07 11:35:12;C
 ;12;179;10;78.9165;95;101.1189;36.36818;0;0;101.1189;36.36818;0.01231776;0.01926937;-0.8693171;89.1884;88.73031;178.493;2019/08/07 11:35:12;C
 ;12;180;10;78.9502;95;101.0227;36.15821;-0.09620667;-0.2099686;101.1189;36.36818;0.003536784;0.006097903;-0.7933372;89.74458;89.55961;179.4906;2019/08/07 11:35:12;C
 ;12;181;10;80.76465;96;98.13636;115.5508;0;0;98.13636;115.5508;0.007073568;0.01622042;-0.9896897;89.59055;89.06106;178.9757;2019/08/07 11:35:14;C
 ;12;182;10;81.16797;97;99.77197;77.25833;0;0;99.77197;77.25833;0.01426909;0.0302456;-0.9420041;89.13262;88.1612;177.9667;2019/08/07 11:35:15;C
 ;12;183;10;81.20166;97;99.67576;77.16212;-0.09620667;-0.09621429;99.77197;77.25833;0.004878322;0.01768392;-0.9618832;89.70947;88.94676;178.9075;2019/08/07 11:35:15;C
 ;12;184;10;81.57129;98;96.11591;33.48182;0;0;96.11591;33.48182;-0.0004878322;0.03927049;-1.074816;90.02598;87.90752;177.9073;2019/08/07 11:35:15;C
 ;12;185;10;81.60498;98;96.11591;33.48182;0;0;96.11591;33.48182;0.005975945;0.01317147;-0.927491;89.63087;89.1864;179.1065;2019/08/07 11:35:15;C
 ;12;186;10;83.28516;99;96.50076;38.48485;0;0;96.50076;38.48485;0.003048952;0.01987916;-0.9041971;89.80684;88.74053;178.7257;2019/08/07 11:35:17;C
 ;12;187;10;83.31885;99;96.50076;38.48485;0;0;96.50076;38.48485;0.008659022;0.02695273;-1.0003;89.50421;88.45661;178.3789;2019/08/07 11:35:17;C
 ;12;188;10;83.72217;100;99.00227;76.58485;0;0;99.00227;76.58485;0.01012252;0.02305007;-1.049815;89.44769;88.74226;178.6263;2019/08/07 11:35:17;C
 ;12;189;10;83.75586;100;98.7865;76.46529;-0.2157745;-0.1195526;99.00227;76.58485;0.006341819;0.01719609;-0.9938362;89.63444;89.00874;178.9435;2019/08/07 11:35:17;C
 ;12;190;10;84.12549;101;98.80984;116.8977;0;0;98.80984;116.8977;0.004146574;0.01804979;-0.9659079;89.75407;88.92945;178.9016;2019/08/07 11:35:18;C
 ;12;191;10;84.15869;101;98.80984;116.7053;0;-0.192421;98.80984;116.8977;0.01012252;0.01646434;-0.9952997;89.41737;89.05234;178.8876;2019/08/07 11:35:18;C
 ;12;192;10;85.87354;102;98.13636;114.2038;0;0;98.13636;114.2038;0.01463497;0.03085539;-0.9637126;89.13041;88.16638;177.9705;2019/08/07 11:35:19;C
 ;12;193;10;85.90723;102;97.79252;113.9561;-0.3438416;-0.2476349;98.13636;114.2038;0.008415106;0.01402518;-0.95981;89.49772;89.16286;179.0236;2019/08/07 11:35:19;C
 ;12;194;10;86.27686;103;97.36666;75.81515;0;0;97.36666;75.81515;0.004756365;0.02061091;-0.9498094;89.71314;88.75688;178.7242;2019/08/07 11:35:20;C
 ;12;195;10;86.31055;103;97.36666;75.71893;0;-0.09621429;97.36666;75.81515;0.005610071;0.01622042;-0.997373;89.67776;89.06828;179.0142;2019/08/07 11:35:20;C
 ;12;196;10;86.61328;104;56.71704;76.77727;0;0;56.71704;76.77727;0.002439161;0.02109874;-1.10433;89.87347;88.90546;178.8982;2019/08/07 11:35:20;C
 ;12;197;10;86.64697;104;56.42849;76.53683;-0.2885513;-0.2404404;56.71704;76.77727;0.01451301;0.02573315;-0.9940801;89.16385;88.5173;178.2976;2019/08/07 11:35:20;C
 ;12;198;10;88.39404;105;94.28788;36.84924;0;0;94.28788;36.84924;0.005975945;0.01744;-0.904441;89.6215;88.89535;178.8323;2019/08/07 11:35:22;C
 ;12;199;10;88.79736;106;96.69318;76.68106;0;0;96.69318;76.68106;0.003292868;0.01939133;-0.8673657;89.78253;88.71928;178.7008;2019/08/07 11:35:22;C
 ;12;200;10;88.83105;106;96.69318;76.68106;0;0;96.69318;76.68106;0.00939077;0.0264649;-1.017862;89.47158;88.51067;178.4196;2019/08/07 11:35:22;C
 ;12;201;10;89.16699;107;99.65288;114.5658;0;0;99.65288;114.5658;0.005732029;0.03378238;-1.024326;89.67955;88.11109;178.0842;2019/08/07 11:35:23;C
 ;12;202;10;90.84766;108;98.13636;115.4545;0;0;98.13636;115.4545;0.007073568;0.0279284;-0.9693226;89.58206;88.34967;178.2975;2019/08/07 11:35:24;C
 ;12;203;10;91.25098;109;97.07803;75.43031;0;0;97.07803;75.43031;0.002317203;0.01536672;-0.947858;89.85995;89.0712;179.0608;2019/08/07 11:35:25;C
 ;12;204;10;91.28467;109;96.98181;75.23788;-0.09622192;-0.1924286;97.07803;75.43031;0.005244196;0.02536728;-0.988592;89.69617;88.53013;178.499;2019/08/07 11:35:25;C
 ;12;205;10;91.68799;110;99.36934;116.3027;0;0;99.36934;116.3027;0.002561119;0.02097679;-0.9317595;89.84254;88.71031;178.7008;2019/08/07 11:35:25;C
 ;12;206;10;93.40186;111;101.5038;110.2591;0;0;101.5038;110.2591;0.01195189;0.02805035;-0.9191979;89.25539;88.25224;178.1001;2019/08/07 11:35:27;C
 ;12;207;10;93.43555;111;101.3462;110.1015;-0.1575699;-0.1575699;101.5038;110.2591;0.005853987;0.01426909;-0.9850553;89.65954;89.1701;179.103;2019/08/07 11:35:27;C
 ;12;208;10;93.87207;112;96.30833;76.87349;0;0;96.30833;76.87349;0.00817119;0.02451357;-0.9927386;89.52855;88.58553;178.509;2019/08/07 11:35:27;C
 ;12;209;10;94.24268;113;57.82349;76.58485;0;0;57.82349;76.58485;0.004634406;0.01841567;-0.994812;89.73313;88.93949;178.9064;2019/08/07 11:35:28;C
 ;12;210;10;94.27637;113;57.82349;76.58485;0;0;57.82349;76.58485;0.006585735;0.02756252;-0.968225;89.61044;88.36943;178.3235;2019/08/07 11:35:28;C
 ;12;211;10;95.99023;114;137.5833;76.48864;0;0;137.5833;76.48864;0.004512448;0.02866014;-1.012374;89.74471;88.37841;178.3586;2019/08/07 11:35:30;C
 ;12;212;10;96.39355;115;95.82727;79.08636;0;0;95.82727;79.08636;0.01439105;0.02719665;-0.9622491;89.14351;88.38123;178.1685;2019/08/07 11:35:30;C
 ;12;213;10;96.42676;115;95.63485;78.89394;-0.192421;-0.192421;95.82727;79.08636;0.006951609;0.02134266;-0.9896897;89.59764;88.76463;178.7008;2019/08/07 11:35:30;C
 ;12;214;10;96.83008;116;98.71364;36.17575;0;0;98.71364;36.17575;0.0075614;0.01463497;-0.8534625;89.49246;89.01764;178.8943;2019/08/07 11:35:30;C
 ;12;215;10;96.86377;116;98.425;35.79045;-0.2886429;-0.3853035;98.71364;36.17575;0.007805316;0.01951329;-1.02274;89.56282;88.90699;178.8228;2019/08/07 11:35:30;C
 ;12;216;10;98.51123;117;99.38712;113.1455;0;0;99.38712;113.1455;0.005488113;0.02061091;-0.9810306;89.67954;88.79644;178.7546;2019/08/07 11:35:32;C
 ;12;217;10;98.91455;118;99.09849;78.99015;0;0;99.09849;78.99015;0.01170797;0.02573315;-1.022862;89.34441;88.55895;178.4167;2019/08/07 11:35:32;C
 ;12;218;10;98.94824;118;99.09849;78.99015;0;0;99.09849;78.99015;0.007195525;0.02305007;-0.9952997;89.58589;88.67336;178.6101;2019/08/07 11:35:32;C
 ;12;219;10;99.28418;119;59.0405;76.68106;0;0;59.0405;76.68106;0.005122238;0.020367;-1.000056;89.7066;88.83329;178.7968;2019/08/07 11:35:33;C
 ;12;220;10;101.0322;120;136.3491;75.83164;0;0;136.3491;75.83164;0.006707693;0.03195301;-0.9994463;89.61566;88.16887;178.129;2019/08/07 11:35:35;C
 ;12;221;10;101.0659;120;136.2364;75.54161;-0.1127014;-0.2900314;136.3491;75.83164;0.007683358;0.01182993;-0.9888359;89.55484;89.31459;179.1826;2019/08/07 11:35:35;C
 ;12;222;10;101.4019;121;93.61439;76.99022;0;0;93.61439;76.99022;0.007927273;0.0264649;-1.013959;89.55221;88.50493;178.4391;2019/08/07 11:35:35;C
 ;12;223;10;101.4355;121;93.6881;76.9697;0.07370758;-0.02052307;93.61439;76.99022;0.009024897;0.01914741;-0.9811526;89.47309;88.88205;178.7641;2019/08/07 11:35:35;C
 ;12;224;10;101.8389;122;140.5659;74.56439;0;0;140.5659;74.56439;0.006097903;0.02048895;-1.008471;89.65362;88.83611;178.7858;2019/08/07 11:35:35;C
 ;12;225;10;101.8726;122;140.3735;74.27576;-0.1924286;-0.2886353;140.5659;74.56439;0.009268813;0.02000112;-0.9992024;89.46863;88.8533;178.7362;2019/08/07 11:35:35;C
 ;12;226;10;103.5532;123;138.4492;74.85303;0;0;138.4492;74.85303;0.005610071;0.02780644;-1.003349;89.67976;88.41255;178.3806;2019/08/07 11:35:37;C
 ;12;227;10;103.5869;123;138.353;74.41183;-0.09620667;-0.4411926;138.4492;74.85303;0.00878098;0.0136593;-0.9940801;89.49395;89.21279;179.0641;2019/08/07 11:35:37;C
 ;12;228;10;103.6206;123;138.2257;74.17954;-0.1273651;-0.2322922;138.4492;74.85303;0.006951609;0.0287821;-0.9942021;89.59955;88.34179;178.2941;2019/08/07 11:35:37;C
 ;12;229;10;103.957;124;92.8447;76.29621;0;0;92.8447;76.29621;0.01036644;0.03195301;-1.024082;89.42031;88.21294;178.1211;2019/08/07 11:35:37;C
 ;12;230;10;103.9902;124;92.74849;76.29621;-0.09620667;0;92.8447;76.29621;0.007195525;0.01451301;-0.98286;89.58058;89.15405;179.0558;2019/08/07 11:35:38;C
 ;12;231;10;104.3599;125;142.2977;75.62273;0;0;142.2977;75.62273;0.01122014;0.02817231;-0.9929825;89.35287;88.37497;178.2508;2019/08/07 11:35:38;C
 ;12;232;10;104.3936;125;142.2015;75.52651;-0.09619141;-0.09621429;142.2977;75.62273;0.006829652;0.01853763;-1.003105;89.60997;88.9413;178.8717;2019/08/07 11:35:38;C
 ;12;233;10;106.0405;126;137.6795;73.50607;0;0;137.6795;73.50607;0.01304951;0.02414769;-0.9517606;89.21471;88.54676;178.348;2019/08/07 11:35:40;C
 ;12;234;10;106.0742;126;137.5457;73.37218;-0.1338654;-0.1338882;137.6795;73.50607;0.008659022;0.0250014;-1.027253;89.51718;88.60585;178.5247;2019/08/07 11:35:40;C
 ;12;235;10;106.4438;127;97.27045;76.58485;0;0;97.27045;76.58485;0.006585735;0.01548867;-0.9663957;89.6096;89.0818;179.0022;2019/08/07 11:35:40;C
 ;12;236;10;106.4775;127;97.02992;76.48864;-0.2405319;-0.09620667;97.27045;76.58485;0.009512729;0.02683077;-0.9993243;89.4548;88.4621;178.3683;2019/08/07 11:35:40;C
 ;12;237;10;107.0825;128;139.2189;76.39243;0;0;139.2189;76.39243;0.006585735;0.02731861;-0.9981048;89.62209;88.43221;178.3872;2019/08/07 11:35:41;C
 ;12;238;10;108.8306;129;137.6795;76.00758;0;0;137.6795;76.00758;0.005122238;0.02695273;-0.9860309;89.70247;88.43425;178.4063;2019/08/07 11:35:42;C
 ;12;239;10;109.2339;130;79.66364;110.5477;0;0;79.66364;110.5477;0.0008537064;0.02548923;-0.9400527;89.94798;88.44682;178.4459;2019/08/07 11:35:43;C
 ;12;240;10;110.0405;131;98.425;73.31364;0;0;98.425;73.31364;0.009756644;0.03073343;-1.003715;89.44333;88.24625;178.1599;2019/08/07 11:35:44;C
 ;12;241;10;110.0742;131;98.425;73.31364;0;0;98.425;73.31364;0.009878603;0.01585455;-0.985909;89.42599;89.07874;178.9147;2019/08/07 11:35:44;C
 ;12;242;10;110.646;132;56.09166;78.89394;0;0;56.09166;78.89394;0.00500028;0.01756196;-0.9635906;89.70273;88.95588;178.9143;2019/08/07 11:35:44;C
 ;12;243;10;112.293;133;97.36666;35.30985;0;0;97.36666;35.30985;0.006219861;0.0310993;-1.090305;89.67328;88.36619;178.3337;2019/08/07 11:35:46;C
 ;12;244;10;112.3267;133;97.36666;35.21363;0;-0.09621429;97.36666;35.30985;0.007195525;0.01865958;-0.9335889;89.55849;88.85501;178.7728;2019/08/07 11:35:46;C
 ;12;245;10;112.73;134;98.90606;76.87349;0;0;98.90606;76.87349;0.00817119;0.02487944;-1.027984;89.54471;88.61362;178.5406;2019/08/07 11:35:46;C
 ;12;246;10;112.7637;134;98.90606;76.87349;0;0;98.90606;76.87349;0.01073231;0.02414769;-1.007739;89.39;88.6274;178.4979;2019/08/07 11:35:46;C
 ;12;247;10;113.0996;135;99.67576;115.7432;0;0;99.67576;115.7432;0.009024897;0.02487944;-0.9862748;89.47589;88.55504;178.4629;2019/08/07 11:35:47;C
 ;12;248;10;114.7456;136;100.253;33.19318;0;0;100.253;33.19318;0.00939077;0.02439161;-0.9084656;89.40797;88.4621;178.3519;2019/08/07 11:35:48;C
 ;12;249;10;114.7793;136;100.1087;33.04886;-0.1443176;-0.1443176;100.253;33.19318;0.007805316;0.02536728;-0.9733473;89.5407;88.50714;178.438;2019/08/07 11:35:48;C
 ;12;250;10;115.1489;137;97.6553;78.70152;0;0;97.6553;78.70152;0.006097903;0.02414769;-0.9952997;89.64907;88.6102;178.5666;2019/08/07 11:35:49;C
 ;12;251;10;115.1826;137;97.55909;78.51559;-0.09621429;-0.1859283;97.6553;78.70152;0.007317483;0.02085483;-0.9666396;89.56638;88.76409;178.6901;2019/08/07 11:35:49;C
 ;12;252;10;115.5522;138;141.047;74.85303;0;0;141.047;74.85303;0.005853987;0.02317203;-0.9602978;89.65083;88.61774;178.5742;2019/08/07 11:35:49;C
 ;12;253;10;117.1997;139;96.98181;33.48182;0;0;96.98181;33.48182;0.005853987;0.01853763;-1.044083;89.6788;88.98283;178.9334;2019/08/07 11:35:51;C
 ;12;254;10;117.603;140;96.40454;76.9697;0;0;96.40454;76.9697;0.01170797;0.02487944;-0.9889579;89.32193;88.559;178.4074;2019/08/07 11:35:51;C
 ;12;255;10;117.6362;140;96.40454;76.9697;0;0;96.40454;76.9697;0.007195525;0.01902546;-1.00152;89.58843;88.91173;178.8363;2019/08/07 11:35:51;C
 ;12;256;10;118.0737;141;142.5864;75.86611;0;0;142.5864;75.86611;0.008902938;0.02670881;-0.9954216;89.48775;88.46308;178.38;2019/08/07 11:35:52;C
 ;12;257;10;119.6875;142;98.52122;34.54015;0;0;98.52122;34.54015;0.01085427;0.02073287;-0.8751711;89.28963;88.64301;178.4684;2019/08/07 11:35:53;C
 ;12;258;10;119.7207;142;98.52122;34.54015;0;0;98.52122;34.54015;0.006585735;0.0165863;-0.9992024;89.62242;89.04902;178.9766;2019/08/07 11:35:53;C
 ;12;259;10;120.1245;143;96.78939;77.06591;0;0;96.78939;77.06591;0.004146574;0.02134266;-1.053474;89.77452;88.83939;178.8176;2019/08/07 11:35:54;C
 ;12;260;10;120.1577;143;96.69318;76.95279;-0.09620667;-0.113121;96.78939;77.06591;0.004512448;0.020367;-0.971274;89.73386;88.79873;178.7696;2019/08/07 11:35:54;C
 ;12;261;10;120.5615;144;139.9886;76.9697;0;0;139.9886;76.9697;0.01341539;0.02378182;-0.9883481;89.22256;88.62173;178.4175;2019/08/07 11:35:54;C
 ;12;262;10;120.5947;144;139.8756;76.9697;-0.1130676;0;139.9886;76.9697;0.004146574;0.01780588;-0.9834698;89.75846;88.96277;178.935;2019/08/07 11:35:54;C
